x   y   cp calc   cp theor pol   cp theor cart
1.99837   0.0570888   0.996748   0.996738   0.996741
1.99185   0.17108   0.970729   0.970708   0.970732
1.97884   0.284514   0.919022   0.918986   0.919052
1.95937   0.397019   0.842296   0.842247   0.842376
1.9335   0.508229   0.74155   0.741492   0.741703
1.90134   0.617782   0.618099   0.618034   0.618345
1.86297   0.725319   0.473551   0.473482   0.473912
1.81852   0.830491   0.309791   0.309721   0.310284
1.76814   0.932954   0.128954   0.128886   0.129597
1.712   1.03237   -0.0666016   -0.0666654   -0.0657955
1.65027   1.12843   -0.274327   -0.274385   -0.273345
1.58316   1.2208   -0.491514   -0.491563   -0.490347
1.51088   1.30919   -0.715331   -0.71537   -0.713972
1.43368   1.39331   -0.94286   -0.942888   -0.941304
1.3518   1.47288   -1.17114   -1.17115   -1.16938
1.26551   1.54765   -1.39718   -1.39718   -1.39523
1.17509   1.61737   -1.61805   -1.61803   -1.6159
1.08084   1.68182   -1.83086   -1.83083   -1.82852
0.983065   1.74078   -2.03284   -2.03279   -2.03032
0.882082   1.79406   -2.22136   -2.2213   -2.21867
0.778223   1.8415   -2.39396   -2.39388   -2.39111
0.671825   1.88292   -2.54839   -2.54828   -2.54539
0.563235   1.9182   -2.68263   -2.68251   -2.6795
0.452809   1.94723   -2.79494   -2.7948   -2.7917
0.340905   1.9699   -2.88385   -2.88369   -2.88052
0.22789   1.98615   -2.9482   -2.94802   -2.9448
0.114131   1.99592   -2.98715   -2.98696   -2.98371
3.43475e-16   1.99918   -3.00021   -3   -2.99674
-0.114131   1.99592   -2.98719   -2.98696   -2.98371
-0.22789   1.98615   -2.94826   -2.94802   -2.9448
-0.340905   1.9699   -2.88394   -2.88369   -2.88052
-0.452809   1.94723   -2.79506   -2.7948   -2.7917
-0.563235   1.9182   -2.68278   -2.68251   -2.6795
-0.671825   1.88292   -2.54856   -2.54828   -2.54539
-0.778223   1.8415   -2.39416   -2.39388   -2.39111
-0.882082   1.79406   -2.22159   -2.2213   -2.21867
-0.983065   1.74078   -2.0331   -2.03279   -2.03032
-1.08084   1.68182   -1.83113   -1.83083   -1.82852
-1.17509   1.61737   -1.61834   -1.61803   -1.6159
-1.26551   1.54765   -1.39749   -1.39718   -1.39523
-1.3518   1.47288   -1.17146   -1.17115   -1.16938
-1.43368   1.39331   -0.94319   -0.942888   -0.941304
-1.51088   1.30919   -0.715668   -0.71537   -0.713972
-1.58316   1.2208   -0.491854   -0.491563   -0.490347
-1.65027   1.12843   -0.274667   -0.274385   -0.273345
-1.712   1.03237   -0.0669368   -0.0666654   -0.0657955
-1.76814   0.932954   0.128628   0.128886   0.129597
-1.81852   0.830491   0.309478   0.309721   0.310284
-1.86297   0.725319   0.473257   0.473482   0.473912
-1.90134   0.617782   0.617829   0.618034   0.618345
-1.9335   0.508229   0.741311   0.741492   0.741703
-1.95937   0.397019   0.842094   0.842247   0.842376
-1.97884   0.284514   0.918866   0.918986   0.919052
-1.99185   0.17108   0.970627   0.970708   0.970732
-1.99837   0.0570888   0.996709   0.996738   0.996741
-1.99837   -0.0570888   0.996792   0.99678   0.996741
-1.99185   -0.17108   0.970873   0.970834   0.970732
-1.97884   -0.284514   0.919253   0.919195   0.919052
-1.95937   -0.397019   0.842609   0.842536   0.842376
-1.9335   -0.508229   0.741942   0.741857   0.741703
-1.90134   -0.617782   0.618564   0.61847   0.618345
-1.86297   -0.725319   0.474083   0.473983   0.473912
-1.81852   -0.830491   0.310382   0.310282   0.310284
-1.76814   -0.932954   0.129596   0.129498   0.129597
-1.712   -1.03237   -0.0659195   -0.0660099   -0.0657955
-1.65027   -1.12843   -0.273615   -0.273694   -0.273345
-1.58316   -1.2208   -0.490784   -0.490846   -0.490347
-1.51088   -1.30919   -0.714594   -0.714637   -0.713972
-1.43368   -1.39331   -0.942128   -0.942147   -0.941304
-1.3518   -1.47288   -1.17042   -1.17041   -1.16938
-1.26551   -1.54765   -1.39649   -1.39645   -1.39523
-1.17509   -1.61737   -1.6174   -1.61733   -1.6159
-1.08084   -1.68182   -1.83027   -1.83016   -1.82852
-0.983065   -1.74078   -2.03231   -2.03216   -2.03032
-0.882082   -1.79406   -2.2209   -2.22071   -2.21867
-0.778223   -1.8415   -2.39357   -2.39334   -2.39111
-0.671825   -1.88292   -2.54808   -2.54781   -2.54539
-0.563235   -1.9182   -2.68242   -2.68211   -2.6795
-0.452809   -1.94723   -2.79482   -2.79447   -2.7917
-0.340905   -1.9699   -2.88383   -2.88344   -2.88052
-0.22789   -1.98615   -2.94828   -2.94786   -2.9448
-0.114131   -1.99592   -2.98734   -2.98688   -2.98371
-3.67761e-16   -1.99918   -3.00049   -3   -2.99674
0.114131   -1.99592   -2.98756   -2.98705   -2.98371
0.22789   -1.98615   -2.94873   -2.94819   -2.9448
0.340905   -1.9699   -2.88449   -2.88394   -2.88052
0.452809   -1.94723   -2.79569   -2.79512   -2.7917
0.563235   -1.9182   -2.68348   -2.68291   -2.6795
0.671825   -1.88292   -2.54933   -2.54875   -2.54539
0.778223   -1.8415   -2.39498   -2.39441   -2.39111
0.882082   -1.79406   -2.22245   -2.22188   -2.21867
0.983065   -1.74078   -2.03398   -2.03343   -2.03032
1.08084   -1.68182   -1.83204   -1.8315   -1.82852
1.17509   -1.61737   -1.61925   -1.61874   -1.6159
1.26551   -1.54765   -1.39839   -1.39791   -1.39523
1.3518   -1.47288   -1.17234   -1.17189   -1.16938
1.43368   -1.39331   -0.944048   -0.943629   -0.941304
1.51088   -1.30919   -0.716484   -0.716104   -0.713972
1.58316   -1.2208   -0.49262   -0.49228   -0.490347
1.65027   -1.12843   -0.275372   -0.275075   -0.273345
1.712   -1.03237   -0.0675743   -0.067321   -0.0657955
1.76814   -0.932954   0.128065   0.128274   0.129597
1.81852   -0.830491   0.308994   0.309161   0.310284
1.86297   -0.725319   0.472855   0.472981   0.473912
1.90134   -0.617782   0.617511   0.617598   0.618345
1.9335   -0.508229   0.741075   0.741128   0.741703
1.95937   -0.397019   0.841935   0.841959   0.842376
1.97884   -0.284514   0.918775   0.918777   0.919052
1.99185   -0.17108   0.970591   0.970581   0.970732
1.99837   -0.0570888   0.996703   0.996696   0.996741
